0900000001260000202014090107180700005001480038734
0900000001260000202014090112200700005001480038734
0900000001260000202014090113090700005001480038734
0900000001260000202014090116550700005001480038734
0900000001260000202014090206550700005001480038734
0900000001260000202014090212230700005001480038734
0900000001260000202014090213060700005001480038734
0900000001260000202014090216530700005001480038734
0900000001260000202014090306580700005001480038734
0900000001260000202014090312100700005001480038734
0900000001260000202014090313000700005001480038734
0900000001260000202014090317010700005001480038734
0900000000000000002014090406540700005001480038734
0900000001260000202014090406580700005001480038734
0900000000000000002014090412150700005001480038734
0900000001260000202014090412180700005001480038734
0900000001260000202014090413080700005001480038734
0900000000000000002014090413080700005001480038734
0900000000000000002014090415380700005001480038734
0900000001260000202014090417050700005001480038734
0900000001260000202014090506550700005001480038734
0900000001260000202014090512060700005001480038734
0900000001260000202014090512520700005001480038734
0900000001260000202014090514050700005001480038734
0900000001260002082014090606550700005001480038734
0900000000000000002014090607000700005001480038734
0900000001260002082014090610150700005001480038734
0900000001260002082014090611080700005001480038734
0900000000000000002014090611130700005001480038734
0900000000000000002014090612060700005001480038734
0900000000000000002014090613400700005001480038734
0900000001260002082014090613400700005001480038734
0900000001260000202014090806580700005001480038734
